Enter N:167
Enter p:3
Enter q:128
Enter dr:18
Enter df:61
Enter dg:20
-1, 0, -1, -1, 0, -1, -1, -1, 1, 1, 1, 0, -1, -1, -1, 1, 0, 1, 0, 1, -1, 1, -1, 1, 1, -1, -1, 0, -1, -1, 0, -1, -1, -1, 1, 1, 1, 0, -1, -1, -1, 1, 0, 1, 0, 1, -1, 1, -1, 1, 1, -1, 0, 1, -1, 0, 0, 1, 1, 0, 0, 1, -1, 1, -1, 1, 0, 1, 0, 0, -1, -1, 1, -1, 0, 0, 1, 1, -1, 1, 1, -1, 1, 0, 1, -1, -1, -1, -1, 1, -1, 1, -1, -1, 0, -1, 1, 1, 0, 1, 1, 1, 0, -1, -1, 1, 1, -1, 1, 1, 1, -1, 1, -1, 1, 0, 0, 1, 0, -1, 1, 1, -1, 1, -1, -1, 1, -1, -1, 0, 0, -1, -1, 1, -1, 0, 1, 0, -1, 1, 1]g is: [1, 0, 0, 0, 0, 0, 0, 0, 0, 0, 0, 0, 0, 0, 0, 1, 0, 0, -1, 0, 0, 0, 0, -1, 0, 0, -1, 0, 0, 0, 0, 0, 0, 0, 0, -1, 0, 0, 0, -1, 0, 0, 1, 0, 0, -1, 0, -1, 0, 0, 0, 1, 0, -1, 0, 0, 1, -1, 0, 1, 0, 1, 0, 0, 0, 0, 0, 0, -1, 1, -1, 0, 1, 0, 0, 0, 0, 0, 0, 0, -1, 0, -1, 0, 1, 0, 0, 0, 0, 0, 0, 0, 0, 0, -1, 0, 0, 0, 1, 0, 0, 0, 0, 1, 0, 0, 0, 0, 0, 1, 0, 0, 0, 1, 0, 0, 0, 0, 0, 0, 0, 0, 1, 1, 0, 1, -1, 0, -1, 0, 0, 0, 0, 0, 1, 1, 0, 0, 0, 1, 0, 0, 0, 0, 0, 0, 0, 0, 0, -1, 0, 0, 0, 0, -1, 0, 0, 0, 0, -1, -1, 0, 0, 0, 0, 0, 0]
inside extEuclid
finvp is: [0, 2, 2, 0, 1, 0, 0, 0, 1, 1, 2, 0, 1, 1, 2, 0, 0, 1, 1, 2, 1, 2, 1, 1, 2, 1, 1, 1, 2, 0, 2, 2, 0, 1, 0, 0, 1, 2, 0, 1, 0, 1, 1, 1, 1, 0, 0, 0, 1, 1, 1, 1, 0, 0, 2, 1, 2, 1, 1, 2, 0, 0, 0, 2, 2, 2, 1, 2, 1, 0, 2, 0, 0, 1, 1, 2, 0, 0, 0, 2, 1, 0, 2, 2, 0, 0, 2, 2, 2, 2, 1, 0, 1, 0, 0, 1, 0, 0, 0, 2, 0, 0, 2, 0, 0, 0, 1, 0, 0, 1, 0, 1, 1, 0, 2, 2, 0, 0, 1, 2, 0, 1, 2, 1, 1, 1, 0, 2, 0, 0, 2, 2, 1, 0, 0, 2, 1, 2, 1, 0, 1, 1, 2, 0, 2, 1, 1, 0, 0, 0, 1, 2, 1, 2, 2, 2, 1, 1, 0, 2, 0, 0, 1, 2, 2, 2, 2]
finvq is: [22, 35, 119, 71, 16, 25, 28, 110, 32, 34, 30, 63, 121, 41, 55, 109, 27, 76, 8, 73, 24, 92, 66, 104, 112, 109, 67, 45, 2, 39, 87, 54, 90, 120, 1, 46, 75, 14, 66, 4, 44, 2, 88, 52, 104, 115, 126, 11, 64, 68, 20, 87, 50, 112, 36, 108, 104, 16, 48, 3, 67, 71, 102, 83, 127, 23, 126, 36, 119, 114, 78, 2, 45, 22, 69, 99, 26, 62, 2, 80, 31, 37, 31, 4, 76, 111, 120, 21, 75, 119, 70, 62, 18, 92, 14, 88, 38, 80, 115, 45, 107, 72, 75, 61, 90, 91, 74, 85, 59, 89, 92, 84, 24, 93, 16, 46, 29, 21, 117, 73, 102, 112, 48, 85, 62, 35, 93, 26, 10, 56, 117, 55, 119, 89, 45, 76, 51, 68, 94, 121, 104, 87, 10, 23, 91, 28, 22, 48, 99, 60, 50, 49, 59, 49, 21, 74, 78, 9, 107, 46, 103, 17, 51, 85, 123, 38, 62]
elapsed time is: 702.683780670166 seconds
Enter the length of message:5
1
0
1
1
0
ciphertext: [110, 90, 48, 3, 65, 36, 62, 120, 101, 67, 125, 108, 34, 44, 52, 121, 27, 99, 61, 122, 62, 84, 109, 67, 27, 47, 39, 102, 112, 97, 77, 9, 73, 102, 52, 59, 36, 74, 32, 64, 48, 49, 70, 58, 51, 121, 68, 84, 63, 59, 15, 71, 125, 15, 117, 40, 64, 25, 78, 30, 99, 55, 98, 30, 122, 27, 64, 44, 116, 102, 92, 105, 99, 114, 73, 83, 47, 123, 105, 9, 17, 50, 84, 76, 20, 34, 42, 127, 62, 87, 83, 12, 48, 19, 79, 104, 92, 127, 101, 8, 123, 42, 86, 125, 15, 121, 12, 113, 67, 107, 118, 83, 126, 39, 91, 122, 13, 37, 81, 4, 109, 97, 25, 124, 1, 60, 33, 125, 70, 103, 105, 5, 112, 37, 23, 27, 124, 71, 41, 68, 12, 104, 121, 67, 122, 12, 54, 89, 91, 27, 29, 47, 126, 28, 3, 108, 87, 43, 50, 42, 83, 77, 42, 107, 73, 82, 91]  
decrypted: [1, 0, 1, 1, 0]